Total # of records: 514; # of variables: 31
Total # of records for desired timeframe: 237; # of variables: 31
1    0.637131
0    0.362869
Name: ext_outcome, dtype: float64
##
## diff:
##
+---------------+---------+----------+
|   ext_outcome |    mean |   median |
|---------------+---------+----------|
|             0 | 465.384 |    349.5 |
|             1 | 506.536 |    343   |
+---------------+---------+----------+
##
## diff:
##
+----+---------------+------------------+--------------+
|    |   ext_outcome | diff_cat         |   percentage |
|----+---------------+------------------+--------------|
| 15 |             1 | (0.0, 150.0]     |    16.6667   |
|  3 |             0 | (0.0, 150.0]     |    12.7907   |
|  0 |             0 | (150.0, 300.0]   |    33.7209   |
| 13 |             1 | (150.0, 300.0]   |    26.6667   |
|  1 |             0 | (300.0, 450.0]   |    17.4419   |
| 14 |             1 | (300.0, 450.0]   |    26.6667   |
| 16 |             1 | (450.0, 600.0]   |    12        |
|  2 |             0 | (450.0, 600.0]   |    15.1163   |
| 17 |             1 | (600.0, 750.0]   |     5.33333  |
|  4 |             0 | (600.0, 750.0]   |     8.13953  |
|  7 |             0 | (750.0, 900.0]   |     1.16279  |
| 19 |             1 | (750.0, 900.0]   |     2.66667  |
| 18 |             1 | (900.0, 1050.0]  |     3.33333  |
|  5 |             0 | (900.0, 1050.0]  |     3.48837  |
| 23 |             1 | (1050.0, 1200.0] |     0.666667 |
|  6 |             0 | (1050.0, 1200.0] |     2.32558  |
|  8 |             0 | (1200.0, 1350.0] |     1.16279  |
| 20 |             1 | (1350.0, 1500.0] |     1.33333  |
|  9 |             0 | (1350.0, 1500.0] |     1.16279  |
| 24 |             1 | (1500.0, 1650.0] |     0.666667 |
| 10 |             0 | (1650.0, 1800.0] |     1.16279  |
| 11 |             0 | (1800.0, 1950.0] |     1.16279  |
| 25 |             1 | (2250.0, 2400.0] |     0.666667 |
| 21 |             1 | (2400.0, 2550.0] |     1.33333  |
| 26 |             1 | (2550.0, 2700.0] |     0.666667 |
| 22 |             1 | (3600.0, 3750.0] |     1.33333  |
| 12 |             0 | (3600.0, 3750.0] |     1.16279  |
+----+---------------+------------------+--------------+
##
## length of trend (-1):
##
+---------------+---------+----------+
|   ext_outcome |    mean |   median |
|---------------+---------+----------|
|             0 | 55.9535 |     37.5 |
|             1 | 44.4768 |     34   |
+---------------+---------+----------+
##
## length of trend (-1):
##
+----+---------------+----------------------------+--------------+
|    |   ext_outcome | length of trend (-1)_cat   |   percentage |
|----+---------------+----------------------------+--------------|
| 22 |             1 | (0.0, 10.0]                |     5.29801  |
|  6 |             0 | (0.0, 10.0]                |     4.70588  |
|  0 |             0 | (10.0, 20.0]               |    20        |
| 17 |             1 | (10.0, 20.0]               |    21.1921   |
|  1 |             0 | (20.0, 30.0]               |    18.8235   |
| 18 |             1 | (20.0, 30.0]               |    19.2053   |
|  2 |             0 | (30.0, 40.0]               |    10.5882   |
| 20 |             1 | (30.0, 40.0]               |    11.9205   |
| 19 |             1 | (40.0, 50.0]               |    13.245    |
|  3 |             0 | (40.0, 50.0]               |     9.41176  |
| 21 |             1 | (50.0, 60.0]               |     7.28477  |
|  4 |             0 | (50.0, 60.0]               |     7.05882  |
| 23 |             1 | (60.0, 70.0]               |     3.97351  |
|  5 |             0 | (60.0, 70.0]               |     5.88235  |
| 24 |             1 | (70.0, 80.0]               |     3.31126  |
| 11 |             0 | (70.0, 80.0]               |     2.35294  |
| 26 |             1 | (80.0, 90.0]               |     2.64901  |
|  8 |             0 | (80.0, 90.0]               |     3.52941  |
| 25 |             1 | (90.0, 100.0]              |     3.31126  |
| 12 |             0 | (90.0, 100.0]              |     1.17647  |
| 13 |             0 | (100.0, 110.0]             |     1.17647  |
| 27 |             1 | (100.0, 110.0]             |     1.98675  |
|  7 |             0 | (110.0, 120.0]             |     4.70588  |
| 28 |             1 | (110.0, 120.0]             |     1.98675  |
| 30 |             1 | (120.0, 130.0]             |     0.662252 |
|  9 |             0 | (120.0, 130.0]             |     3.52941  |
| 10 |             0 | (130.0, 140.0]             |     3.52941  |
| 29 |             1 | (130.0, 140.0]             |     1.3245   |
| 14 |             0 | (140.0, 150.0]             |     1.17647  |
| 31 |             1 | (140.0, 150.0]             |     0.662252 |
| 32 |             1 | (150.0, 160.0]             |     0.662252 |
| 33 |             1 | (160.0, 170.0]             |     0.662252 |
| 15 |             0 | (180.0, 190.0]             |     1.17647  |
| 34 |             1 | (200.0, 210.0]             |     0.662252 |
| 16 |             0 | (260.0, 270.0]             |     1.17647  |
+----+---------------+----------------------------+--------------+
##
## length_bounce_perc:
##
+---------------+---------+----------+
|   ext_outcome |    mean |   median |
|---------------+---------+----------|
|             0 | 28.7842 |  25      |
|             1 | 29.4293 |  25.8065 |
+---------------+---------+----------+
##
## length_bounce_perc:
##
+----+---------------+--------------------------+--------------+
|    |   ext_outcome | length_bounce_perc_cat   |   percentage |
|----+---------------+--------------------------+--------------|
|  2 |             0 | (0.0, 10.0]              |     17.4419  |
| 12 |             1 | (0.0, 10.0]              |     16.7785  |
|  0 |             0 | (10.0, 20.0]             |     22.093   |
| 11 |             1 | (10.0, 20.0]             |     22.8188  |
|  1 |             0 | (20.0, 30.0]             |     20.9302  |
| 10 |             1 | (20.0, 30.0]             |     24.8322  |
|  3 |             0 | (30.0, 40.0]             |     16.2791  |
| 13 |             1 | (30.0, 40.0]             |     14.094   |
|  4 |             0 | (40.0, 50.0]             |     11.6279  |
| 15 |             1 | (40.0, 50.0]             |      6.71141 |
|  5 |             0 | (50.0, 60.0]             |      4.65116 |
| 14 |             1 | (50.0, 60.0]             |      8.72483 |
|  6 |             0 | (60.0, 70.0]             |      2.32558 |
| 16 |             1 | (60.0, 70.0]             |      3.3557  |
|  7 |             0 | (70.0, 80.0]             |      2.32558 |
|  8 |             0 | (80.0, 90.0]             |      1.16279 |
| 17 |             1 | (80.0, 90.0]             |      2.68456 |
|  9 |             0 | (90.0, 100.0]            |      1.16279 |
+----+---------------+--------------------------+--------------+
##
## length in pips (-1):
##
+---------------+---------+----------+
|   ext_outcome |    mean |   median |
|---------------+---------+----------|
|             0 | 7282.79 |     6410 |
|             1 | 6779.62 |     5885 |
+---------------+---------+----------+
##
## length in pips (-1):
##
+----+---------------+---------------------------+--------------+
|    |   ext_outcome | length in pips (-1)_cat   |   percentage |
|----+---------------+---------------------------+--------------|
| 15 |             1 | (0.0, 2000.0]             |     3.97351  |
|  6 |             0 | (0.0, 2000.0]             |     3.52941  |
|  2 |             0 | (2000.0, 4000.0]          |    15.2941   |
| 11 |             1 | (2000.0, 4000.0]          |    23.1788   |
|  0 |             0 | (4000.0, 6000.0]          |    28.2353   |
| 10 |             1 | (4000.0, 6000.0]          |    25.8278   |
| 12 |             1 | (6000.0, 8000.0]          |    21.1921   |
|  1 |             0 | (6000.0, 8000.0]          |    24.7059   |
|  3 |             0 | (8000.0, 10000.0]         |    11.7647   |
| 13 |             1 | (8000.0, 10000.0]         |     7.94702  |
|  7 |             0 | (10000.0, 12000.0]        |     3.52941  |
| 14 |             1 | (10000.0, 12000.0]        |     7.94702  |
|  4 |             0 | (12000.0, 14000.0]        |     5.88235  |
| 17 |             1 | (12000.0, 14000.0]        |     2.64901  |
| 16 |             1 | (14000.0, 16000.0]        |     3.31126  |
|  5 |             0 | (14000.0, 16000.0]        |     4.70588  |
|  8 |             0 | (16000.0, 18000.0]        |     1.17647  |
| 18 |             1 | (16000.0, 18000.0]        |     1.98675  |
| 19 |             1 | (18000.0, 20000.0]        |     0.662252 |
|  9 |             0 | (20000.0, 22000.0]        |     1.17647  |
| 20 |             1 | (20000.0, 22000.0]        |     0.662252 |
| 21 |             1 | (22000.0, 24000.0]        |     0.662252 |
+----+---------------+---------------------------+--------------+
##
## norm_length_pips:
##
+---------------+---------+----------+
|   ext_outcome |    mean |   median |
|---------------+---------+----------|
|             0 | 151.724 |   133.54 |
|             1 | 141.242 |   122.6  |
+---------------+---------+----------+
##
## norm_length_pips:
##
+----+---------------+------------------------+--------------+
|    |   ext_outcome | norm_length_pips_cat   |   percentage |
|----+---------------+------------------------+--------------|
| 13 |             1 | (0.0, 50.0]            |     7.94702  |
|  3 |             0 | (0.0, 50.0]            |     5.88235  |
|  0 |             0 | (50.0, 100.0]          |    28.2353   |
|  9 |             1 | (50.0, 100.0]          |    28.4768   |
| 10 |             1 | (100.0, 150.0]         |    27.8146   |
|  1 |             0 | (100.0, 150.0]         |    28.2353   |
| 11 |             1 | (150.0, 200.0]         |    15.894    |
|  2 |             0 | (150.0, 200.0]         |    20        |
|  5 |             0 | (200.0, 250.0]         |     4.70588  |
| 12 |             1 | (200.0, 250.0]         |     9.93377  |
|  4 |             0 | (250.0, 300.0]         |     5.88235  |
| 15 |             1 | (250.0, 300.0]         |     3.31126  |
|  6 |             0 | (300.0, 350.0]         |     4.70588  |
| 14 |             1 | (300.0, 350.0]         |     3.97351  |
|  7 |             0 | (350.0, 400.0]         |     1.17647  |
| 16 |             1 | (350.0, 400.0]         |     1.3245   |
|  8 |             0 | (400.0, 450.0]         |     1.17647  |
| 17 |             1 | (400.0, 450.0]         |     0.662252 |
| 18 |             1 | (450.0, 500.0]         |     0.662252 |
+----+---------------+------------------------+--------------+
##
## pips_ratio:
##
+---------------+---------+----------+
|   ext_outcome |    mean |   median |
|---------------+---------+----------|
|             0 | 199.802 |  150.651 |
|             1 | 207.801 |  185.071 |
+---------------+---------+----------+
##
## pips_ratio:
##
+----+---------------+------------------+--------------+
|    |   ext_outcome | pips_ratio_cat   |   percentage |
|----+---------------+------------------+--------------|
|  1 |             0 | (0.0, 100.0]     |    22.3529   |
|  9 |             1 | (0.0, 100.0]     |    21.1921   |
|  0 |             0 | (100.0, 200.0]   |    44.7059   |
|  7 |             1 | (100.0, 200.0]   |    35.7616   |
|  2 |             0 | (200.0, 300.0]   |    14.1176   |
|  8 |             1 | (200.0, 300.0]   |    24.5033   |
|  3 |             0 | (300.0, 400.0]   |    10.5882   |
| 10 |             1 | (300.0, 400.0]   |     9.93377  |
|  4 |             0 | (400.0, 500.0]   |     4.70588  |
| 11 |             1 | (400.0, 500.0]   |     4.63576  |
|  5 |             0 | (500.0, 600.0]   |     2.35294  |
| 12 |             1 | (500.0, 600.0]   |     3.31126  |
|  6 |             0 | (600.0, 700.0]   |     1.17647  |
| 13 |             1 | (800.0, 900.0]   |     0.662252 |
+----+---------------+------------------+--------------+
##
## pips_ratio_norm:
##
+---------------+---------+----------+
|   ext_outcome |    mean |   median |
|---------------+---------+----------|
|             0 | 4.14686 |  3.13068 |
|             1 | 4.30989 |  3.78571 |
+---------------+---------+----------+
##
## pips_ratio_norm:
##
+----+---------------+-----------------------+--------------+
|    |   ext_outcome | pips_ratio_norm_cat   |   percentage |
|----+---------------+-----------------------+--------------|
|  1 |             0 | (0.0, 2.0]            |    22.3529   |
|  9 |             1 | (0.0, 2.0]            |    20.5298   |
|  0 |             0 | (2.0, 4.0]            |    42.3529   |
|  7 |             1 | (2.0, 4.0]            |    33.1126   |
|  3 |             0 | (4.0, 6.0]            |    12.9412   |
|  8 |             1 | (4.0, 6.0]            |    25.8278   |
|  2 |             0 | (6.0, 8.0]            |    14.1176   |
| 10 |             1 | (6.0, 8.0]            |     9.27152  |
|  4 |             0 | (8.0, 10.0]           |     4.70588  |
| 11 |             1 | (8.0, 10.0]           |     7.28477  |
|  5 |             0 | (10.0, 12.0]          |     2.35294  |
| 12 |             1 | (10.0, 12.0]          |     1.98675  |
|  6 |             0 | (12.0, 14.0]          |     1.17647  |
| 13 |             1 | (12.0, 14.0]          |     1.3245   |
| 14 |             1 | (18.0, 20.0]          |     0.662252 |
+----+---------------+-----------------------+--------------+
##
## inn_bounce:
##
+---------------+---------+----------+
|   ext_outcome |    mean |   median |
|---------------+---------+----------|
|             0 | 10.0233 |        8 |
|             1 |  8.6755 |        7 |
+---------------+---------+----------+
##
## inn_bounce:
##
+----+---------------+------------------+--------------+
|    |   ext_outcome | inn_bounce_cat   |   percentage |
|----+---------------+------------------+--------------|
|  5 |             0 | (2.0, 4.0]       |     5.81395  |
| 16 |             1 | (2.0, 4.0]       |    12        |
|  0 |             0 | (4.0, 6.0]       |    30.2326   |
| 13 |             1 | (4.0, 6.0]       |    29.3333   |
|  1 |             0 | (6.0, 8.0]       |    16.2791   |
| 14 |             1 | (6.0, 8.0]       |    20.6667   |
|  2 |             0 | (8.0, 10.0]      |    16.2791   |
| 15 |             1 | (8.0, 10.0]      |    13.3333   |
|  3 |             0 | (10.0, 12.0]     |     9.30233  |
| 17 |             1 | (10.0, 12.0]     |    10.6667   |
|  4 |             0 | (12.0, 14.0]     |     9.30233  |
| 18 |             1 | (12.0, 14.0]     |     5.33333  |
|  9 |             0 | (14.0, 16.0]     |     1.16279  |
| 20 |             1 | (14.0, 16.0]     |     2        |
| 19 |             1 | (16.0, 18.0]     |     2.66667  |
| 10 |             0 | (18.0, 20.0]     |     1.16279  |
| 23 |             1 | (18.0, 20.0]     |     0.666667 |
|  6 |             0 | (20.0, 22.0]     |     3.48837  |
| 21 |             1 | (20.0, 22.0]     |     1.33333  |
| 22 |             1 | (22.0, 24.0]     |     1.33333  |
|  7 |             0 | (22.0, 24.0]     |     2.32558  |
| 11 |             0 | (24.0, 26.0]     |     1.16279  |
| 24 |             1 | (26.0, 28.0]     |     0.666667 |
|  8 |             0 | (26.0, 28.0]     |     2.32558  |
| 12 |             0 | (28.0, 30.0]     |     1.16279  |
+----+---------------+------------------+--------------+
##
## sum_bounces:
##
+---------------+---------+----------+
|   ext_outcome |    mean |   median |
|---------------+---------+----------|
|             0 | 8.93023 |      5.5 |
|             1 | 6.29801 |      4   |
+---------------+---------+----------+
##
## sum_bounces:
##
+----+---------------+-------------------+--------------+
|    |   ext_outcome | sum_bounces_cat   |   percentage |
|----+---------------+-------------------+--------------|
|  1 |             0 | (0.0, 2.0]        |    15.1515   |
| 18 |             1 | (0.0, 2.0]        |    20.1835   |
|  0 |             0 | (2.0, 4.0]        |    18.1818   |
| 20 |             1 | (2.0, 4.0]        |    15.5963   |
|  2 |             0 | (4.0, 6.0]        |    13.6364   |
| 19 |             1 | (4.0, 6.0]        |    17.4312   |
|  4 |             0 | (6.0, 8.0]        |     9.09091  |
| 21 |             1 | (6.0, 8.0]        |    12.844    |
|  3 |             0 | (8.0, 10.0]       |    12.1212   |
| 24 |             1 | (8.0, 10.0]       |     4.58716  |
| 23 |             1 | (10.0, 12.0]      |     5.50459  |
|  6 |             0 | (10.0, 12.0]      |     4.54545  |
| 25 |             1 | (12.0, 14.0]      |     4.58716  |
|  5 |             0 | (12.0, 14.0]      |     7.57576  |
| 22 |             1 | (14.0, 16.0]      |     7.33945  |
|  9 |             0 | (14.0, 16.0]      |     1.51515  |
| 26 |             1 | (16.0, 18.0]      |     2.75229  |
|  7 |             0 | (18.0, 20.0]      |     3.0303   |
| 28 |             1 | (18.0, 20.0]      |     0.917431 |
| 29 |             1 | (20.0, 22.0]      |     0.917431 |
| 10 |             0 | (20.0, 22.0]      |     1.51515  |
| 27 |             1 | (22.0, 24.0]      |     2.75229  |
|  8 |             0 | (22.0, 24.0]      |     3.0303   |
| 30 |             1 | (24.0, 26.0]      |     0.917431 |
| 11 |             0 | (24.0, 26.0]      |     1.51515  |
| 12 |             0 | (26.0, 28.0]      |     1.51515  |
| 31 |             1 | (26.0, 28.0]      |     0.917431 |
| 13 |             0 | (28.0, 30.0]      |     1.51515  |
| 32 |             1 | (32.0, 34.0]      |     0.917431 |
| 14 |             0 | (34.0, 36.0]      |     1.51515  |
| 15 |             0 | (40.0, 42.0]      |     1.51515  |
| 33 |             1 | (42.0, 44.0]      |     0.917431 |
| 16 |             0 | (44.0, 46.0]      |     1.51515  |
| 34 |             1 | (46.0, 48.0]      |     0.917431 |
| 17 |             0 | (48.0, 50.0]      |     1.51515  |
+----+---------------+-------------------+--------------+
##
## bounce (pips):
##
+---------------+---------+----------+
|   ext_outcome |    mean |   median |
|---------------+---------+----------|
|             0 | 1761.17 |     1321 |
|             1 | 1530.71 |     1106 |
+---------------+---------+----------+
##
## bounce (pips):
##
+----+---------------+---------------------+--------------+
|    |   ext_outcome | bounce (pips)_cat   |   percentage |
|----+---------------+---------------------+--------------|
|  4 |             0 | (0.0, 500.0]        |     6.97674  |
| 14 |             1 | (0.0, 500.0]        |    13.4228   |
|  1 |             0 | (500.0, 1000.0]     |    23.2558   |
| 13 |             1 | (500.0, 1000.0]     |    26.1745   |
|  0 |             0 | (1000.0, 1500.0]    |    33.7209   |
| 12 |             1 | (1000.0, 1500.0]    |    29.5302   |
|  2 |             0 | (1500.0, 2000.0]    |    10.4651   |
| 15 |             1 | (1500.0, 2000.0]    |    13.4228   |
|  3 |             0 | (2000.0, 2500.0]    |     8.13953  |
| 16 |             1 | (2000.0, 2500.0]    |     5.36913  |
| 17 |             1 | (2500.0, 3000.0]    |     4.69799  |
| 10 |             0 | (2500.0, 3000.0]    |     1.16279  |
|  8 |             0 | (3000.0, 3500.0]    |     2.32558  |
| 18 |             1 | (3000.0, 3500.0]    |     3.3557   |
|  5 |             0 | (3500.0, 4000.0]    |     3.48837  |
|  6 |             0 | (4000.0, 4500.0]    |     3.48837  |
| 19 |             1 | (4500.0, 5000.0]    |     1.34228  |
|  7 |             0 | (4500.0, 5000.0]    |     3.48837  |
| 21 |             1 | (5000.0, 5500.0]    |     0.671141 |
|  9 |             0 | (5500.0, 6000.0]    |     2.32558  |
| 11 |             0 | (6000.0, 6500.0]    |     1.16279  |
| 20 |             1 | (6000.0, 6500.0]    |     1.34228  |
| 22 |             1 | (7000.0, 7500.0]    |     0.671141 |
+----+---------------+---------------------+--------------+
##
## norm_bounce_pips:
##
+---------------+---------+----------+
|   ext_outcome |    mean |   median |
|---------------+---------+----------|
|             0 | 36.6915 |    27.52 |
|             1 | 31.8898 |    23.04 |
+---------------+---------+----------+
##
## norm_bounce_pips:
##
+----+---------------+------------------------+--------------+
|    |   ext_outcome | norm_bounce_pips_cat   |   percentage |
|----+---------------+------------------------+--------------|
| 15 |             1 | (0.0, 10.0]            |    12.7517   |
|  4 |             0 | (0.0, 10.0]            |     4.65116  |
|  1 |             0 | (10.0, 20.0]           |    24.4186   |
| 13 |             1 | (10.0, 20.0]           |    24.8322   |
|  0 |             0 | (20.0, 30.0]           |    33.7209   |
| 12 |             1 | (20.0, 30.0]           |    28.1879   |
|  3 |             0 | (30.0, 40.0]           |     8.13953  |
| 14 |             1 | (30.0, 40.0]           |    14.094    |
|  2 |             0 | (40.0, 50.0]           |    10.4651   |
| 16 |             1 | (40.0, 50.0]           |     8.05369  |
|  8 |             0 | (50.0, 60.0]           |     2.32558  |
| 17 |             1 | (50.0, 60.0]           |     4.02685  |
| 19 |             1 | (60.0, 70.0]           |     1.34228  |
| 18 |             1 | (70.0, 80.0]           |     2.68456  |
|  5 |             0 | (70.0, 80.0]           |     4.65116  |
|  7 |             0 | (80.0, 90.0]           |     3.48837  |
| 21 |             1 | (90.0, 100.0]          |     0.671141 |
|  6 |             0 | (90.0, 100.0]          |     4.65116  |
| 20 |             1 | (100.0, 110.0]         |     1.34228  |
|  9 |             0 | (110.0, 120.0]         |     1.16279  |
| 10 |             0 | (120.0, 130.0]         |     1.16279  |
| 22 |             1 | (120.0, 130.0]         |     0.671141 |
| 11 |             0 | (130.0, 140.0]         |     1.16279  |
| 23 |             1 | (130.0, 140.0]         |     0.671141 |
| 24 |             1 | (140.0, 150.0]         |     0.671141 |
+----+---------------+------------------------+--------------+
##
## bounce_ratio:
##
+---------------+---------+----------+
|   ext_outcome |    mean |   median |
|---------------+---------+----------|
|             0 | 5.00819 |  4.16667 |
|             1 | 4.39251 |  4       |
+---------------+---------+----------+
##
## bounce_ratio:
##
+----+---------------+--------------------+--------------+
|    |   ext_outcome | bounce_ratio_cat   |   percentage |
|----+---------------+--------------------+--------------|
|  1 |             0 | (0.0, 2.0]         |    29.4118   |
|  8 |             1 | (0.0, 2.0]         |    29.1391   |
|  2 |             0 | (2.0, 4.0]         |    21.1765   |
|  9 |             1 | (2.0, 4.0]         |    27.1523   |
|  0 |             0 | (4.0, 6.0]         |    30.5882   |
| 10 |             1 | (4.0, 6.0]         |    23.8411   |
|  3 |             0 | (6.0, 8.0]         |     8.23529  |
| 11 |             1 | (6.0, 8.0]         |     7.94702  |
|  4 |             0 | (8.0, 10.0]        |     5.88235  |
| 12 |             1 | (8.0, 10.0]        |     7.28477  |
|  5 |             0 | (10.0, 12.0]       |     2.35294  |
| 13 |             1 | (10.0, 12.0]       |     2.64901  |
| 14 |             1 | (12.0, 14.0]       |     1.3245   |
| 15 |             1 | (14.0, 16.0]       |     0.662252 |
|  6 |             0 | (20.0, 22.0]       |     1.17647  |
|  7 |             0 | (26.0, 28.0]       |     1.17647  |
+----+---------------+--------------------+--------------+
##
## RSI bounces:
##
+---------------+---------+----------+
|   ext_outcome |    mean |   median |
|---------------+---------+----------|
|             0 | 2.74419 |        2 |
|             1 | 1.72185 |        1 |
+---------------+---------+----------+
##
## RSI bounces:
##
+----+---------------+---------------+--------------+
|    |   ext_outcome |   RSI bounces |   percentage |
|----+---------------+---------------+--------------|
|  1 |             0 |             0 |    22.093    |
| 13 |             1 |             0 |    27.1523   |
|  2 |             0 |             1 |    19.7674   |
| 12 |             1 |             1 |    29.8013   |
|  0 |             0 |             2 |    23.2558   |
| 14 |             1 |             2 |    19.8675   |
|  3 |             0 |             3 |    11.6279   |
| 15 |             1 |             3 |     7.94702  |
|  7 |             0 |             4 |     2.32558  |
| 16 |             1 |             4 |     7.94702  |
|  8 |             0 |             5 |     2.32558  |
| 17 |             1 |             5 |     3.31126  |
|  4 |             0 |             6 |     5.81395  |
| 18 |             1 |             6 |     1.98675  |
|  5 |             0 |             7 |     4.65116  |
| 19 |             1 |             8 |     0.662252 |
| 10 |             0 |             9 |     1.16279  |
| 20 |             1 |             9 |     0.662252 |
|  6 |             0 |            10 |     3.48837  |
|  9 |             0 |            11 |     2.32558  |
| 21 |             1 |            11 |     0.662252 |
| 11 |             0 |            12 |     1.16279  |
+----+---------------+---------------+--------------+
##
## trend_bounces:
##
+---------------+---------+----------+
|   ext_outcome |    mean |   median |
|---------------+---------+----------|
|             0 | 1.69412 |        1 |
|             1 | 1.4702  |        1 |
+---------------+---------+----------+
##
## trend_bounces:
##
+----+---------------+-----------------+--------------+
|    |   ext_outcome |   trend_bounces |   percentage |
|----+---------------+-----------------+--------------|
|  3 |             0 |               0 |     7.05882  |
| 10 |             1 |               0 |    21.1921   |
|  0 |             0 |               1 |    51.7647   |
|  8 |             1 |               1 |    37.0861   |
|  1 |             0 |               2 |    22.3529   |
|  9 |             1 |               2 |    24.5033   |
|  2 |             0 |               3 |     9.41176  |
| 11 |             1 |               3 |    10.596    |
|  4 |             0 |               4 |     5.88235  |
| 12 |             1 |               4 |     4.63576  |
|  5 |             0 |               5 |     1.17647  |
| 13 |             1 |               5 |     1.3245   |
|  6 |             0 |               6 |     1.17647  |
| 14 |             1 |               6 |     0.662252 |
|  7 |             0 |               7 |     1.17647  |
+----+---------------+-----------------+--------------+
##
## s_r_bounces:
##
+---------------+---------+----------+
|   ext_outcome |    mean |   median |
|---------------+---------+----------|
|             0 | 6.13953 |        6 |
|             1 | 6.02649 |        6 |
+---------------+---------+----------+
##
## s_r_bounces:
##
+----+---------------+---------------+--------------+
|    |   ext_outcome |   s_r_bounces |   percentage |
|----+---------------+---------------+--------------|
|  3 |             0 |             1 |     1.16279  |
| 14 |             1 |             1 |     0.662252 |
| 10 |             1 |             2 |     1.98675  |
|  4 |             0 |             3 |     1.16279  |
| 15 |             1 |             3 |     0.662252 |
| 16 |             1 |             4 |     0.662252 |
|  1 |             0 |             5 |     2.32558  |
| 11 |             1 |             5 |     1.98675  |
|  9 |             1 |             6 |    88.7417   |
|  0 |             0 |             6 |    88.3721   |
|  5 |             0 |             7 |     1.16279  |
| 17 |             1 |             7 |     0.662252 |
| 12 |             1 |             8 |     1.3245   |
|  6 |             0 |             8 |     1.16279  |
|  7 |             0 |             9 |     1.16279  |
| 13 |             1 |             9 |     1.3245   |
|  2 |             0 |            10 |     2.32558  |
| 18 |             1 |            10 |     0.662252 |
| 19 |             1 |            12 |     0.662252 |
|  8 |             0 |            14 |     1.16279  |
| 20 |             1 |            14 |     0.662252 |
+----+---------------+---------------+--------------+
##
## peak_bounces:
##
+---------------+---------+----------+
|   ext_outcome |    mean |   median |
|---------------+---------+----------|
|             0 | 4.48837 |        4 |
|             1 | 3.98675 |        4 |
+---------------+---------+----------+
##
## peak_bounces:
##
+----+---------------+----------------+--------------+
|    |   ext_outcome |   peak_bounces |   percentage |
|----+---------------+----------------+--------------|
| 12 |             1 |              0 |     1.98675  |
|  2 |             0 |              1 |     1.16279  |
| 17 |             1 |              1 |     0.662252 |
|  3 |             0 |              2 |     1.16279  |
| 14 |             1 |              2 |     1.3245   |
|  4 |             0 |              3 |     1.16279  |
| 13 |             1 |              3 |     1.98675  |
|  0 |             0 |              4 |    87.2093   |
| 11 |             1 |              4 |    89.404    |
|  5 |             0 |              5 |     1.16279  |
| 18 |             1 |              5 |     0.662252 |
| 15 |             1 |              6 |     1.3245   |
|  6 |             0 |              7 |     1.16279  |
| 16 |             1 |              7 |     1.3245   |
|  1 |             0 |              8 |     2.32558  |
| 19 |             1 |              8 |     0.662252 |
| 20 |             1 |              9 |     0.662252 |
|  7 |             0 |              9 |     1.16279  |
|  8 |             0 |             13 |     1.16279  |
|  9 |             0 |             14 |     1.16279  |
| 10 |             0 |             16 |     1.16279  |
+----+---------------+----------------+--------------+
##
## indecission:
##
+---------------+---------+----------+
|   ext_outcome |    mean |   median |
|---------------+---------+----------|
|             0 | 3.45349 |        2 |
|             1 | 3.08609 |        2 |
+---------------+---------+----------+
##
## indecission:
##
+----+---------------+---------------+--------------+
|    |   ext_outcome |   indecission |   percentage |
|----+---------------+---------------+--------------|
|  0 |             0 |             1 |    39.5349   |
| 13 |             1 |             1 |    39.7351   |
|  1 |             0 |             2 |    12.7907   |
| 14 |             1 |             2 |    17.2185   |
|  2 |             0 |             3 |    10.4651   |
| 15 |             1 |             3 |    12.5828   |
|  3 |             0 |             4 |    10.4651   |
| 16 |             1 |             4 |     9.93377  |
|  4 |             0 |             5 |     8.13953  |
| 18 |             1 |             5 |     4.63576  |
|  5 |             0 |             6 |     4.65116  |
| 17 |             1 |             6 |     5.29801  |
|  6 |             0 |             7 |     4.65116  |
| 19 |             1 |             7 |     3.31126  |
|  8 |             0 |             8 |     1.16279  |
| 21 |             1 |             8 |     1.3245   |
| 22 |             1 |             9 |     1.3245   |
|  7 |             0 |             9 |     3.48837  |
|  9 |             0 |            10 |     1.16279  |
| 20 |             1 |            11 |     2.64901  |
| 10 |             0 |            12 |     1.16279  |
| 23 |             1 |            13 |     1.3245   |
| 11 |             0 |            13 |     1.16279  |
| 24 |             1 |            15 |     0.662252 |
| 12 |             0 |            21 |     1.16279  |
+----+---------------+---------------+--------------+
##
## entry on RSI:
##
+---------------+----------+----------+----------+
| ext_outcome   |        0 |        1 |      All |
|---------------+----------+----------+----------|
| 0             |  40.2174 |  22.6415 |  36.2869 |
| 1             |  59.7826 |  77.3585 |  63.7131 |
| All           | 100      | 100      | 100      |
+---------------+----------+----------+----------+
##
## entry_aligned:
##
+---------------+----------+----------+----------+
| ext_outcome   |        0 |        1 |      All |
|---------------+----------+----------+----------|
| 0             |  49.4624 |  27.7778 |  36.2869 |
| 1             |  50.5376 |  72.2222 |  63.7131 |
| All           | 100      | 100      | 100      |
+---------------+----------+----------+----------+
##
## bounce_bias:
##
+---------------+-----+----------+----------+----------+
| ext_outcome   |   P |        A |        U |      All |
|---------------+-----+----------+----------+----------|
| 0             |  60 |  35.2679 |  33.3333 |  36.2869 |
| 1             |  40 |  64.7321 |  66.6667 |  63.7131 |
| All           | 100 | 100      | 100      | 100      |
+---------------+-----+----------+----------+----------+
