Total # of records: 514; # of variables: 31
Total # of records for desired timeframe: 168; # of variables: 31
1    0.666667
0    0.333333
Name: ext_outcome, dtype: float64
##
## diff:
##
+---------------+---------+----------+
|   ext_outcome |    mean |   median |
|---------------+---------+----------|
|             0 | 787.75  |    509   |
|             1 | 814.821 |    565.5 |
+---------------+---------+----------+
##
## diff:
##
+----+---------------+------------------+--------------+
|    |   ext_outcome | diff_cat         |   percentage |
|----+---------------+------------------+--------------|
| 20 |             1 | (0.0, 150.0]     |     8.10811  |
|  4 |             0 | (0.0, 150.0]     |     7.14286  |
| 17 |             1 | (150.0, 300.0]   |    15.3153   |
|  3 |             0 | (150.0, 300.0]   |     8.92857  |
| 18 |             1 | (300.0, 450.0]   |    14.4144   |
|  0 |             0 | (300.0, 450.0]   |    25        |
|  1 |             0 | (450.0, 600.0]   |    16.0714   |
| 16 |             1 | (450.0, 600.0]   |    18.018    |
| 19 |             1 | (600.0, 750.0]   |    10.8108   |
|  2 |             0 | (600.0, 750.0]   |    12.5      |
|  7 |             0 | (750.0, 900.0]   |     3.57143  |
| 22 |             1 | (750.0, 900.0]   |     4.5045   |
| 23 |             1 | (900.0, 1050.0]  |     4.5045   |
|  5 |             0 | (900.0, 1050.0]  |     5.35714  |
|  8 |             0 | (1050.0, 1200.0] |     3.57143  |
| 26 |             1 | (1050.0, 1200.0] |     1.8018   |
| 21 |             1 | (1200.0, 1350.0] |     5.40541  |
|  6 |             0 | (1200.0, 1350.0] |     5.35714  |
|  9 |             0 | (1350.0, 1500.0] |     1.78571  |
| 24 |             1 | (1350.0, 1500.0] |     3.6036   |
| 31 |             1 | (1500.0, 1650.0] |     0.900901 |
| 10 |             0 | (1650.0, 1800.0] |     1.78571  |
| 32 |             1 | (1650.0, 1800.0] |     0.900901 |
| 27 |             1 | (1800.0, 1950.0] |     1.8018   |
| 11 |             0 | (1950.0, 2100.0] |     1.78571  |
| 28 |             1 | (1950.0, 2100.0] |     1.8018   |
| 29 |             1 | (2100.0, 2250.0] |     1.8018   |
| 30 |             1 | (2250.0, 2400.0] |     1.8018   |
| 12 |             0 | (2400.0, 2550.0] |     1.78571  |
| 25 |             1 | (2400.0, 2550.0] |     2.7027   |
| 33 |             1 | (2850.0, 3000.0] |     0.900901 |
| 13 |             0 | (3000.0, 3150.0] |     1.78571  |
| 14 |             0 | (3150.0, 3300.0] |     1.78571  |
| 34 |             1 | (3300.0, 3450.0] |     0.900901 |
| 15 |             0 | (3750.0, 3900.0] |     1.78571  |
+----+---------------+------------------+--------------+
##
## length of trend (-1):
##
+---------------+---------+----------+
|   ext_outcome |    mean |   median |
|---------------+---------+----------|
|             0 | 42.625  |       33 |
|             1 | 38.3036 |       26 |
+---------------+---------+----------+
##
## length of trend (-1):
##
+----+---------------+----------------------------+--------------+
|    |   ext_outcome | length of trend (-1)_cat   |   percentage |
|----+---------------+----------------------------+--------------|
|  4 |             0 | (0.0, 10.0]                |     7.14286  |
| 15 |             1 | (0.0, 10.0]                |    10.8108   |
|  0 |             0 | (10.0, 20.0]               |    19.6429   |
| 13 |             1 | (10.0, 20.0]               |    30.6306   |
|  1 |             0 | (20.0, 30.0]               |    19.6429   |
| 14 |             1 | (20.0, 30.0]               |    21.6216   |
|  2 |             0 | (30.0, 40.0]               |    14.2857   |
| 16 |             1 | (30.0, 40.0]               |     9.00901  |
|  5 |             0 | (40.0, 50.0]               |     7.14286  |
| 17 |             1 | (40.0, 50.0]               |     6.30631  |
|  6 |             0 | (50.0, 60.0]               |     5.35714  |
| 18 |             1 | (50.0, 60.0]               |     6.30631  |
|  3 |             0 | (60.0, 70.0]               |     8.92857  |
| 20 |             1 | (60.0, 70.0]               |     2.7027   |
| 22 |             1 | (70.0, 80.0]               |     1.8018   |
|  7 |             0 | (70.0, 80.0]               |     5.35714  |
| 10 |             0 | (80.0, 90.0]               |     1.78571  |
| 19 |             1 | (80.0, 90.0]               |     3.6036   |
| 23 |             1 | (90.0, 100.0]              |     1.8018   |
| 11 |             0 | (90.0, 100.0]              |     1.78571  |
| 12 |             0 | (100.0, 110.0]             |     1.78571  |
|  8 |             0 | (110.0, 120.0]             |     3.57143  |
| 24 |             1 | (110.0, 120.0]             |     1.8018   |
|  9 |             0 | (120.0, 130.0]             |     3.57143  |
| 25 |             1 | (120.0, 130.0]             |     0.900901 |
| 21 |             1 | (140.0, 150.0]             |     2.7027   |
+----+---------------+----------------------------+--------------+
##
## length_bounce_perc:
##
+---------------+---------+----------+
|   ext_outcome |    mean |   median |
|---------------+---------+----------|
|             0 | 27.0603 |  25.6112 |
|             1 | 31.5261 |  27.2727 |
+---------------+---------+----------+
##
## length_bounce_perc:
##
+----+---------------+--------------------------+--------------+
|    |   ext_outcome | length_bounce_perc_cat   |   percentage |
|----+---------------+--------------------------+--------------|
|  3 |             0 | (0.0, 10.0]              |    14.2857   |
| 11 |             1 | (0.0, 10.0]              |     9.00901  |
|  0 |             0 | (10.0, 20.0]             |    28.5714   |
|  7 |             1 | (10.0, 20.0]             |    26.1261   |
|  2 |             0 | (20.0, 30.0]             |    17.8571   |
|  8 |             1 | (20.0, 30.0]             |    22.5225   |
|  1 |             0 | (30.0, 40.0]             |    21.4286   |
|  9 |             1 | (30.0, 40.0]             |    17.1171   |
|  4 |             0 | (40.0, 50.0]             |    10.7143   |
| 10 |             1 | (40.0, 50.0]             |    12.6126   |
| 12 |             1 | (50.0, 60.0]             |     5.40541  |
|  5 |             0 | (60.0, 70.0]             |     5.35714  |
| 14 |             1 | (60.0, 70.0]             |     2.7027   |
|  6 |             0 | (70.0, 80.0]             |     1.78571  |
| 15 |             1 | (70.0, 80.0]             |     0.900901 |
| 13 |             1 | (80.0, 90.0]             |     3.6036   |
+----+---------------+--------------------------+--------------+
##
## length in pips (-1):
##
+---------------+---------+----------+
|   ext_outcome |    mean |   median |
|---------------+---------+----------|
|             0 | 9812.21 |     8452 |
|             1 | 8627.55 |     6883 |
+---------------+---------+----------+
##
## length in pips (-1):
##
+----+---------------+---------------------------+--------------+
|    |   ext_outcome | length in pips (-1)_cat   |   percentage |
|----+---------------+---------------------------+--------------|
| 19 |             1 | (0.0, 2000.0]             |     1.8018   |
|  4 |             0 | (2000.0, 4000.0]          |    10.7143   |
| 13 |             1 | (2000.0, 4000.0]          |    14.4144   |
|  3 |             0 | (4000.0, 6000.0]          |    12.5      |
| 11 |             1 | (4000.0, 6000.0]          |    27.9279   |
| 12 |             1 | (6000.0, 8000.0]          |    21.6216   |
|  1 |             0 | (6000.0, 8000.0]          |    17.8571   |
| 14 |             1 | (8000.0, 10000.0]         |     9.90991  |
|  0 |             0 | (8000.0, 10000.0]         |    19.6429   |
| 15 |             1 | (10000.0, 12000.0]        |     5.40541  |
|  2 |             0 | (10000.0, 12000.0]        |    16.0714   |
|  6 |             0 | (12000.0, 14000.0]        |     5.35714  |
| 16 |             1 | (12000.0, 14000.0]        |     5.40541  |
|  7 |             0 | (14000.0, 16000.0]        |     5.35714  |
| 20 |             1 | (14000.0, 16000.0]        |     1.8018   |
|  5 |             0 | (16000.0, 18000.0]        |     7.14286  |
| 18 |             1 | (16000.0, 18000.0]        |     2.7027   |
| 21 |             1 | (18000.0, 20000.0]        |     1.8018   |
| 22 |             1 | (20000.0, 22000.0]        |     1.8018   |
|  8 |             0 | (20000.0, 22000.0]        |     1.78571  |
| 17 |             1 | (22000.0, 24000.0]        |     3.6036   |
|  9 |             0 | (24000.0, 26000.0]        |     1.78571  |
| 23 |             1 | (24000.0, 26000.0]        |     0.900901 |
| 10 |             0 | (28000.0, 30000.0]        |     1.78571  |
| 24 |             1 | (28000.0, 30000.0]        |     0.900901 |
+----+---------------+---------------------------+--------------+
##
## norm_length_pips:
##
+---------------+---------+----------+
|   ext_outcome |    mean |   median |
|---------------+---------+----------|
|             0 | 204.421 |  176.085 |
|             1 | 179.74  |  143.395 |
+---------------+---------+----------+
##
## norm_length_pips:
##
+----+---------------+------------------------+--------------+
|    |   ext_outcome | norm_length_pips_cat   |   percentage |
|----+---------------+------------------------+--------------|
| 16 |             1 | (0.0, 50.0]            |     2.7027   |
| 10 |             1 | (50.0, 100.0]          |    28.8288   |
|  1 |             0 | (50.0, 100.0]          |    19.6429   |
|  3 |             0 | (100.0, 150.0]         |    10.7143   |
| 12 |             1 | (100.0, 150.0]         |    20.7207   |
| 11 |             1 | (150.0, 200.0]         |    23.4234   |
|  0 |             0 | (150.0, 200.0]         |    26.7857   |
| 14 |             1 | (200.0, 250.0]         |     5.40541  |
|  2 |             0 | (200.0, 250.0]         |    19.6429   |
|  5 |             0 | (250.0, 300.0]         |     5.35714  |
| 13 |             1 | (250.0, 300.0]         |     6.30631  |
| 17 |             1 | (300.0, 350.0]         |     2.7027   |
|  6 |             0 | (300.0, 350.0]         |     5.35714  |
|  4 |             0 | (350.0, 400.0]         |     7.14286  |
| 18 |             1 | (350.0, 400.0]         |     2.7027   |
|  7 |             0 | (400.0, 450.0]         |     1.78571  |
| 19 |             1 | (400.0, 450.0]         |     1.8018   |
| 15 |             1 | (450.0, 500.0]         |     3.6036   |
|  8 |             0 | (500.0, 550.0]         |     1.78571  |
| 20 |             1 | (500.0, 550.0]         |     0.900901 |
|  9 |             0 | (550.0, 600.0]         |     1.78571  |
| 21 |             1 | (550.0, 600.0]         |     0.900901 |
+----+---------------+------------------------+--------------+
##
## pips_ratio:
##
+---------------+---------+----------+
|   ext_outcome |    mean |   median |
|---------------+---------+----------|
|             0 | 353.492 |  288.001 |
|             1 | 329.542 |  248.631 |
+---------------+---------+----------+
##
## pips_ratio:
##
+----+---------------+------------------+--------------+
|    |   ext_outcome | pips_ratio_cat   |   percentage |
|----+---------------+------------------+--------------|
|  3 |             0 | (0.0, 100.0]     |     10.9091  |
| 12 |             1 | (0.0, 100.0]     |      7.14286 |
|  1 |             0 | (100.0, 200.0]   |     21.8182  |
| 10 |             1 | (100.0, 200.0]   |     27.6786  |
|  9 |             1 | (200.0, 300.0]   |     32.1429  |
|  2 |             0 | (200.0, 300.0]   |     20       |
| 11 |             1 | (300.0, 400.0]   |      8.03571 |
|  0 |             0 | (300.0, 400.0]   |     23.6364  |
|  4 |             0 | (400.0, 500.0]   |      9.09091 |
| 15 |             1 | (400.0, 500.0]   |      3.57143 |
|  5 |             0 | (500.0, 600.0]   |      7.27273 |
| 13 |             1 | (500.0, 600.0]   |      6.25    |
| 14 |             1 | (600.0, 700.0]   |      4.46429 |
|  7 |             0 | (600.0, 700.0]   |      1.81818 |
| 17 |             1 | (700.0, 800.0]   |      2.67857 |
| 16 |             1 | (800.0, 900.0]   |      3.57143 |
| 18 |             1 | (900.0, 1000.0]  |      2.67857 |
| 19 |             1 | (1000.0, 1100.0] |      1.78571 |
|  6 |             0 | (1100.0, 1200.0] |      3.63636 |
|  8 |             0 | (1400.0, 1500.0] |      1.81818 |
+----+---------------+------------------+--------------+
##
## pips_ratio_norm:
##
+---------------+---------+----------+
|   ext_outcome |    mean |   median |
|---------------+---------+----------|
|             0 | 7.34225 |  5.99285 |
|             1 | 6.84195 |  5.1631  |
+---------------+---------+----------+
##
## pips_ratio_norm:
##
+----+---------------+-----------------------+--------------+
|    |   ext_outcome | pips_ratio_norm_cat   |   percentage |
|----+---------------+-----------------------+--------------|
|  3 |             0 | (0.0, 2.0]            |     9.09091  |
| 12 |             1 | (0.0, 2.0]            |     7.14286  |
| 10 |             1 | (2.0, 4.0]            |    25.8929   |
|  1 |             0 | (2.0, 4.0]            |    21.8182   |
|  2 |             0 | (4.0, 6.0]            |    20        |
|  9 |             1 | (4.0, 6.0]            |    32.1429   |
| 11 |             1 | (6.0, 8.0]            |     8.03571  |
|  0 |             0 | (6.0, 8.0]            |    25.4545   |
|  5 |             0 | (8.0, 10.0]           |     7.27273  |
| 14 |             1 | (8.0, 10.0]           |     4.46429  |
|  4 |             0 | (10.0, 12.0]          |     9.09091  |
| 13 |             1 | (10.0, 12.0]          |     6.25     |
| 15 |             1 | (12.0, 14.0]          |     4.46429  |
|  7 |             0 | (12.0, 14.0]          |     1.81818  |
| 17 |             1 | (14.0, 16.0]          |     2.67857  |
| 16 |             1 | (16.0, 18.0]          |     4.46429  |
| 18 |             1 | (18.0, 20.0]          |     1.78571  |
| 20 |             1 | (20.0, 22.0]          |     0.892857 |
|  6 |             0 | (22.0, 24.0]          |     3.63636  |
| 19 |             1 | (22.0, 24.0]          |     1.78571  |
|  8 |             0 | (30.0, 32.0]          |     1.81818  |
+----+---------------+-----------------------+--------------+
##
## inn_bounce:
##
+---------------+---------+----------+
|   ext_outcome |    mean |   median |
|---------------+---------+----------|
|             0 | 8.39286 |        7 |
|             1 | 8.02679 |        6 |
+---------------+---------+----------+
##
## inn_bounce:
##
+----+---------------+------------------+--------------+
|    |   ext_outcome | inn_bounce_cat   |   percentage |
|----+---------------+------------------+--------------|
|  0 |             0 | (2.0, 4.0]       |    26.7857   |
| 13 |             1 | (2.0, 4.0]       |    17.1171   |
|  2 |             0 | (4.0, 6.0]       |    14.2857   |
| 11 |             1 | (4.0, 6.0]       |    35.1351   |
|  1 |             0 | (6.0, 8.0]       |    21.4286   |
| 12 |             1 | (6.0, 8.0]       |    18.9189   |
|  3 |             0 | (8.0, 10.0]      |    14.2857   |
| 14 |             1 | (8.0, 10.0]      |    13.5135   |
|  4 |             0 | (10.0, 12.0]     |     5.35714  |
| 15 |             1 | (10.0, 12.0]     |     8.10811  |
| 18 |             1 | (12.0, 14.0]     |     0.900901 |
|  5 |             0 | (12.0, 14.0]     |     5.35714  |
| 16 |             1 | (14.0, 16.0]     |     1.8018   |
|  6 |             0 | (14.0, 16.0]     |     5.35714  |
|  7 |             0 | (16.0, 18.0]     |     1.78571  |
| 19 |             1 | (18.0, 20.0]     |     0.900901 |
|  8 |             0 | (18.0, 20.0]     |     1.78571  |
|  9 |             0 | (20.0, 22.0]     |     1.78571  |
| 10 |             0 | (24.0, 26.0]     |     1.78571  |
| 17 |             1 | (24.0, 26.0]     |     1.8018   |
| 20 |             1 | (26.0, 28.0]     |     0.900901 |
| 21 |             1 | (30.0, 32.0]     |     0.900901 |
+----+---------------+------------------+--------------+
##
## sum_bounces:
##
+---------------+---------+----------+
|   ext_outcome |    mean |   median |
|---------------+---------+----------|
|             0 | 5.48214 |        3 |
|             1 | 6.41071 |        3 |
+---------------+---------+----------+
##
## sum_bounces:
##
+----+---------------+-------------------+--------------+
|    |   ext_outcome | sum_bounces_cat   |   percentage |
|----+---------------+-------------------+--------------|
|  0 |             0 | (0.0, 2.0]        |     25.5814  |
| 10 |             1 | (0.0, 2.0]        |     23.3766  |
|  1 |             0 | (2.0, 4.0]        |     18.6047  |
| 11 |             1 | (2.0, 4.0]        |     22.0779  |
| 12 |             1 | (4.0, 6.0]        |     12.987   |
|  3 |             0 | (4.0, 6.0]        |     11.6279  |
| 13 |             1 | (6.0, 8.0]        |     12.987   |
|  2 |             0 | (6.0, 8.0]        |     16.2791  |
| 15 |             1 | (8.0, 10.0]       |      3.8961  |
|  4 |             0 | (8.0, 10.0]       |      9.30233 |
| 21 |             1 | (10.0, 12.0]      |      1.2987  |
|  5 |             0 | (10.0, 12.0]      |      6.97674 |
| 14 |             1 | (12.0, 14.0]      |      5.19481 |
| 16 |             1 | (14.0, 16.0]      |      2.5974  |
|  7 |             0 | (16.0, 18.0]      |      2.32558 |
|  8 |             0 | (18.0, 20.0]      |      2.32558 |
| 17 |             1 | (18.0, 20.0]      |      2.5974  |
| 18 |             1 | (20.0, 22.0]      |      2.5974  |
|  6 |             0 | (20.0, 22.0]      |      4.65116 |
| 19 |             1 | (22.0, 24.0]      |      2.5974  |
| 22 |             1 | (26.0, 28.0]      |      1.2987  |
|  9 |             0 | (26.0, 28.0]      |      2.32558 |
| 20 |             1 | (28.0, 30.0]      |      2.5974  |
| 23 |             1 | (34.0, 36.0]      |      1.2987  |
| 24 |             1 | (36.0, 38.0]      |      1.2987  |
| 25 |             1 | (38.0, 40.0]      |      1.2987  |
+----+---------------+-------------------+--------------+
##
## bounce (pips):
##
+---------------+---------+----------+
|   ext_outcome |    mean |   median |
|---------------+---------+----------|
|             0 | 2053.23 |   1616   |
|             1 | 1946.62 |   1272.5 |
+---------------+---------+----------+
##
## bounce (pips):
##
+----+---------------+---------------------+--------------+
|    |   ext_outcome | bounce (pips)_cat   |   percentage |
|----+---------------+---------------------+--------------|
| 15 |             1 | (0.0, 500.0]        |     9.90991  |
|  4 |             0 | (0.0, 500.0]        |     8.92857  |
|  2 |             0 | (500.0, 1000.0]     |    14.2857   |
| 12 |             1 | (500.0, 1000.0]     |    27.027    |
|  0 |             0 | (1000.0, 1500.0]    |    21.4286   |
| 13 |             1 | (1000.0, 1500.0]    |    23.4234   |
| 14 |             1 | (1500.0, 2000.0]    |    12.6126   |
|  3 |             0 | (1500.0, 2000.0]    |    12.5      |
| 16 |             1 | (2000.0, 2500.0]    |     6.30631  |
|  5 |             0 | (2000.0, 2500.0]    |     7.14286  |
| 18 |             1 | (2500.0, 3000.0]    |     2.7027   |
|  1 |             0 | (2500.0, 3000.0]    |    16.0714   |
| 17 |             1 | (3000.0, 3500.0]    |     6.30631  |
|  6 |             0 | (3000.0, 3500.0]    |     5.35714  |
|  9 |             0 | (3500.0, 4000.0]    |     1.78571  |
| 19 |             1 | (3500.0, 4000.0]    |     2.7027   |
|  7 |             0 | (4000.0, 4500.0]    |     5.35714  |
| 20 |             1 | (4000.0, 4500.0]    |     1.8018   |
|  8 |             0 | (4500.0, 5000.0]    |     3.57143  |
| 21 |             1 | (4500.0, 5000.0]    |     1.8018   |
| 10 |             0 | (5000.0, 5500.0]    |     1.78571  |
| 23 |             1 | (5000.0, 5500.0]    |     0.900901 |
| 11 |             0 | (5500.0, 6000.0]    |     1.78571  |
| 24 |             1 | (7000.0, 7500.0]    |     0.900901 |
| 25 |             1 | (7500.0, 8000.0]    |     0.900901 |
| 22 |             1 | (8500.0, 9000.0]    |     1.8018   |
| 26 |             1 | (9500.0, 10000.0]   |     0.900901 |
+----+---------------+---------------------+--------------+
##
## norm_bounce_pips:
##
+---------------+---------+----------+
|   ext_outcome |    mean |   median |
|---------------+---------+----------|
|             0 | 42.7752 |   33.665 |
|             1 | 40.5548 |   26.51  |
+---------------+---------+----------+
##
## norm_bounce_pips:
##
+----+---------------+------------------------+--------------+
|    |   ext_outcome | norm_bounce_pips_cat   |   percentage |
|----+---------------+------------------------+--------------|
| 15 |             1 | (0.0, 10.0]            |     9.90991  |
|  6 |             0 | (0.0, 10.0]            |     5.35714  |
| 12 |             1 | (10.0, 20.0]           |    23.4234   |
|  1 |             0 | (10.0, 20.0]           |    16.0714   |
| 13 |             1 | (20.0, 30.0]           |    23.4234   |
|  0 |             0 | (20.0, 30.0]           |    21.4286   |
|  2 |             0 | (30.0, 40.0]           |    12.5      |
| 14 |             1 | (30.0, 40.0]           |    16.2162   |
| 16 |             1 | (40.0, 50.0]           |     6.30631  |
|  4 |             0 | (40.0, 50.0]           |     8.92857  |
|  3 |             0 | (50.0, 60.0]           |    12.5      |
| 20 |             1 | (50.0, 60.0]           |     1.8018   |
|  5 |             0 | (60.0, 70.0]           |     8.92857  |
| 17 |             1 | (60.0, 70.0]           |     6.30631  |
| 18 |             1 | (70.0, 80.0]           |     3.6036   |
|  9 |             0 | (70.0, 80.0]           |     1.78571  |
|  8 |             0 | (80.0, 90.0]           |     3.57143  |
| 21 |             1 | (80.0, 90.0]           |     1.8018   |
| 10 |             0 | (90.0, 100.0]          |     1.78571  |
|  7 |             0 | (100.0, 110.0]         |     5.35714  |
| 19 |             1 | (100.0, 110.0]         |     2.7027   |
| 11 |             0 | (110.0, 120.0]         |     1.78571  |
| 23 |             1 | (150.0, 160.0]         |     0.900901 |
| 24 |             1 | (160.0, 170.0]         |     0.900901 |
| 22 |             1 | (180.0, 190.0]         |     1.8018   |
| 25 |             1 | (200.0, 210.0]         |     0.900901 |
+----+---------------+------------------------+--------------+
##
## bounce_ratio:
##
+---------------+---------+----------+
|   ext_outcome |    mean |   median |
|---------------+---------+----------|
|             0 | 4.40972 |        4 |
|             1 | 5.15416 |        5 |
+---------------+---------+----------+
##
## bounce_ratio:
##
+----+---------------+--------------------+--------------+
|    |   ext_outcome | bounce_ratio_cat   |   percentage |
|----+---------------+--------------------+--------------|
|  1 |             0 | (0.0, 2.0]         |    19.6429   |
|  9 |             1 | (0.0, 2.0]         |    10.8108   |
|  0 |             0 | (2.0, 4.0]         |    41.0714   |
|  6 |             1 | (2.0, 4.0]         |    35.1351   |
|  2 |             0 | (4.0, 6.0]         |    19.6429   |
|  7 |             1 | (4.0, 6.0]         |    33.3333   |
|  3 |             0 | (6.0, 8.0]         |    10.7143   |
|  8 |             1 | (6.0, 8.0]         |    14.4144   |
|  4 |             0 | (8.0, 10.0]        |     7.14286  |
| 10 |             1 | (8.0, 10.0]        |     3.6036   |
|  5 |             0 | (10.0, 12.0]       |     1.78571  |
| 11 |             1 | (10.0, 12.0]       |     1.8018   |
| 12 |             1 | (12.0, 14.0]       |     0.900901 |
+----+---------------+--------------------+--------------+
##
## RSI bounces:
##
+---------------+---------+----------+
|   ext_outcome |    mean |   median |
|---------------+---------+----------|
|             0 | 1.91071 |        1 |
|             1 | 1.79464 |        1 |
+---------------+---------+----------+
##
## RSI bounces:
##
+----+---------------+---------------+--------------+
|    |   ext_outcome |   RSI bounces |   percentage |
|----+---------------+---------------+--------------|
|  1 |             0 |             0 |    23.2143   |
|  7 |             1 |             0 |    30.3571   |
|  0 |             0 |             1 |    30.3571   |
|  8 |             1 |             1 |    25.8929   |
|  9 |             1 |             2 |    18.75     |
|  3 |             0 |             2 |    12.5      |
|  2 |             0 |             3 |    16.0714   |
| 10 |             1 |             3 |     9.82143  |
|  4 |             0 |             4 |    10.7143   |
| 11 |             1 |             4 |     6.25     |
|  5 |             0 |             5 |     5.35714  |
| 12 |             1 |             5 |     2.67857  |
| 13 |             1 |             6 |     2.67857  |
| 14 |             1 |             7 |     1.78571  |
|  6 |             0 |            10 |     1.78571  |
| 15 |             1 |            10 |     0.892857 |
| 16 |             1 |            12 |     0.892857 |
+----+---------------+---------------+--------------+
##
## trend_bounces:
##
+---------------+---------+----------+
|   ext_outcome |    mean |   median |
|---------------+---------+----------|
|             0 | 1.875   |        1 |
|             1 | 1.48214 |        1 |
+---------------+---------+----------+
##
## trend_bounces:
##
+----+---------------+-----------------+--------------+
|    |   ext_outcome |   trend_bounces |   percentage |
|----+---------------+-----------------+--------------|
|  2 |             0 |               0 |    16.0714   |
|  9 |             1 |               0 |    24.1071   |
|  0 |             0 |               1 |    41.0714   |
|  8 |             1 |               1 |    34.8214   |
|  1 |             0 |               2 |    17.8571   |
| 10 |             1 |               2 |    24.1071   |
|  4 |             0 |               3 |     7.14286  |
| 11 |             1 |               3 |     8.03571  |
|  3 |             0 |               4 |     8.92857  |
| 12 |             1 |               4 |     6.25     |
|  5 |             0 |               5 |     5.35714  |
| 13 |             1 |               5 |     0.892857 |
| 14 |             1 |               6 |     0.892857 |
|  6 |             0 |               7 |     1.78571  |
| 15 |             1 |               7 |     0.892857 |
|  7 |             0 |               8 |     1.78571  |
+----+---------------+-----------------+--------------+
##
## s_r_bounces:
##
+---------------+---------+----------+
|   ext_outcome |    mean |   median |
|---------------+---------+----------|
|             0 | 3.32143 |        3 |
|             1 | 2.9375  |        3 |
+---------------+---------+----------+
##
## s_r_bounces:
##
+----+---------------+---------------+--------------+
|    |   ext_outcome |   s_r_bounces |   percentage |
|----+---------------+---------------+--------------|
|  2 |             0 |             0 |     1.78571  |
| 10 |             1 |             0 |     1.78571  |
|  3 |             0 |             1 |     1.78571  |
|  8 |             1 |             1 |     5.35714  |
|  9 |             1 |             2 |     3.57143  |
|  0 |             0 |             3 |    83.9286   |
|  7 |             1 |             3 |    83.9286   |
|  1 |             0 |             4 |     7.14286  |
| 11 |             1 |             4 |     1.78571  |
| 13 |             1 |             5 |     0.892857 |
|  4 |             0 |             6 |     1.78571  |
| 14 |             1 |             6 |     0.892857 |
| 12 |             1 |             7 |     1.78571  |
|  5 |             0 |            10 |     1.78571  |
|  6 |             0 |            12 |     1.78571  |
+----+---------------+---------------+--------------+
##
## peak_bounces:
##
+---------------+---------+----------+
|   ext_outcome |    mean |   median |
|---------------+---------+----------|
|             0 | 2.32143 |        2 |
|             1 | 1.91964 |        2 |
+---------------+---------+----------+
##
## peak_bounces:
##
+----+---------------+----------------+--------------+
|    |   ext_outcome |   peak_bounces |   percentage |
|----+---------------+----------------+--------------|
|  2 |             0 |              0 |     1.78571  |
|  7 |             1 |              0 |     8.03571  |
|  3 |             0 |              1 |     1.78571  |
|  8 |             1 |              1 |     2.67857  |
|  0 |             0 |              2 |    87.5      |
|  6 |             1 |              2 |    84.8214   |
|  9 |             1 |              3 |     1.78571  |
|  1 |             0 |              4 |     5.35714  |
| 11 |             1 |              4 |     0.892857 |
| 10 |             1 |              6 |     1.78571  |
|  4 |             0 |              9 |     1.78571  |
|  5 |             0 |             10 |     1.78571  |
+----+---------------+----------------+--------------+
##
## indecission:
##
+---------------+---------+----------+
|   ext_outcome |    mean |   median |
|---------------+---------+----------|
|             0 | 2.5     |        2 |
|             1 | 1.98214 |        1 |
+---------------+---------+----------+
##
## indecission:
##
+----+---------------+---------------+--------------+
|    |   ext_outcome |   indecission |   percentage |
|----+---------------+---------------+--------------|
|  0 |             0 |             1 |    48.2143   |
|  8 |             1 |             1 |    57.1429   |
|  9 |             1 |             2 |    19.6429   |
|  1 |             0 |             2 |    16.0714   |
|  2 |             0 |             3 |    10.7143   |
| 10 |             1 |             3 |    11.6071   |
|  5 |             0 |             4 |     5.35714  |
| 11 |             1 |             4 |     3.57143  |
|  3 |             0 |             5 |     8.92857  |
| 12 |             1 |             5 |     3.57143  |
|  4 |             0 |             6 |     7.14286  |
| 14 |             1 |             6 |     0.892857 |
|  6 |             0 |             7 |     1.78571  |
| 13 |             1 |             7 |     1.78571  |
|  7 |             0 |             9 |     1.78571  |
| 15 |             1 |             9 |     0.892857 |
| 16 |             1 |            10 |     0.892857 |
+----+---------------+---------------+--------------+
##
## entry on RSI:
##
+---------------+----------+---------+----------+
| ext_outcome   |        0 |       1 |      All |
|---------------+----------+---------+----------|
| 0             |  35.6589 |  25.641 |  33.3333 |
| 1             |  64.3411 |  74.359 |  66.6667 |
| All           | 100      | 100     | 100      |
+---------------+----------+---------+----------+
##
## entry_aligned:
##
+---------------+----------+----------+----------+
| ext_outcome   |        0 |        1 |      All |
|---------------+----------+----------+----------|
| 0             |  45.1613 |  26.4151 |  33.3333 |
| 1             |  54.8387 |  73.5849 |  66.6667 |
| All           | 100      | 100      | 100      |
+---------------+----------+----------+----------+
##
## bounce_bias:
##
+---------------+-----+----------+-----+----------+
| ext_outcome   |   P |        A |   U |      All |
|---------------+-----+----------+-----+----------|
| 0             |  60 |  32.2785 |  40 |  33.3333 |
| 1             |  40 |  67.7215 |  60 |  66.6667 |
| All           | 100 | 100      | 100 | 100      |
+---------------+-----+----------+-----+----------+
